tölgy:
 2.0: 26 30 35 39 45 50 56 62 68 75 82 89 97 105 113 122 131 140 149 159 172 183 194 205 216 228 240 253 266 279 292 306 320 334 349 364 379 394 410 427 447 464 481 499 517 535 553 572 591 611 631 651 671 692 713 734 756 778 800 822 845 868 892 916 940 964 989 1014 1040 1065 1091 1118 1144 1171 1199 1226 1254 1282 1311 1340 1369 1398 1428 1458 1489 1519 1550 1582 1614
 2.6: 35 41 47 53 60 67 75 83 91 100 109 119 129 139 150 161 173 185 198 210 229 243 257 271 287 302 318 334 351 368 386 404 422 441 460 479 499 520 541 562 590 613 635 658 682 705 730 574 779 805 830 857 883 910 938 966 994 1023 1052 1081 1111 1141 1172 1203 1235 1267 1299 1332 1365 1399 1433 1467 1502 1537 1573 1609 1645 1682 1719 1757 1795 1834 1873 1912 1952 1992 2032 2073 2115
 3.1: 75 83 93 102 104 115 127 136 142
 4.1: 82 94 101 115 126 134 147 156 163
bükk:
 2.1: 45 51 56 63 69 76 83 90 98
 2.7: 61 68 76 84 92 102 110 120 130
 3.2: 74 82 92 101 103 116 126 135 141
 4.2: 84 95 102 114 127 133 146 157 162
